i, f, dt, pos
0,51912,51912.00,101100101011001000000001
51912,51912,0.00,101100101011001000000001
51912,51912,0.00,101100101011001000000001
51912,51912,0.00,101100101011001000000001
51912,51912,0.00,101100101011001000000001
51912,51912,0.00,101100101011001000000001
51912,51912,0.00,101100101011001000000001
51912,51912,0.00,101100101011001000000001
51912,51912,0.00,101100101011001000000001
51912,51912,0.00,101100101011001000000001
51912,51912,0.00,101100101011001000000001
51912,51912,0.00,101100101011001000000001
51912,51912,0.00,101100101011001000000001
51912,51912,0.00,101100101011001000000001
51912,51912,0.00,101100101011001000000001
51912,51912,0.00,101100101011001000000001
51912,51912,0.00,101100101011001000000001
51912,51912,0.00,101100101011001000000001
51912,54998,3086.00,101101011011010100000001
54998,64249,9251.00,101111111011111100000001
64249,98174,33925.00,110111111101111110000001
98174,110510,12336.00,111010111110101110000001
110510,109482,-1028.00,111010101110101010000001
109482,109481,-1.00,111010101110101001000001
109481,109482,1.00,111010101110101010000001
109482,109480,-2.00,111010101110101000000001
109480,109480,0.00,111010101110101011000001
109480,111537,2057.00,111011001110110001000001
111537,124901,13364.00,111110011111100101000001
124901,37522,43692.00,101001011010010101000001
37522,42660,5138.00,101010101010101000000001
42660,43691,1031.00,101010101010101011000001
43691,43688,-3.00,101010101010101001000001
43688,43688,0.00,101010101010101010000001
43688,64248,20560.00,110000001100000000000001
64248,104341,40093.00,111001011110010100000001
104341,106399,2058.00,111001111110011100000001
106399,106396,-3.00,111001111110011100000001
106396,107424,1028.00,111010001110100010000001
107424,8736,32383.00,100010101000101010000001
8736,64251,55515.00,101111101011111010000001
64251,63221,-1030.00,101111011011110101000001
63221,63222,1.00,101111011011110110000001
63222,69389,6167.00,110001001100010011000001
69389,3596,65278.00,100001001000010011000001
3596,12850,9254.00,100011001000110010000001
12850,12851,1.00,100011001000110011000001
12851,20047,7196.00,100101001001010001000001
20047,83782,63735.00,110100101101001010000001
83782,98172,14390.00,110111111101111100000001
98172,98173,1.00,110111111101111111000001
98173,106396,8223.00,111001111110011111000001
106396,29299,53974.00,100111011001110111000001
29299,52940,23641.00,101100111011001110000001
52940,52943,3.00,101100111011001111000001
52943,64251,11308.00,101111111011111101000001
64251,115648,51397.00,111100011111000111000001
115648,125930,10282.00,111110101111101001000001
125930,125930,0.00,111110101111101000000001
125930,514,5655.00,100000011000000111000001
514,29298,28784.00,100111101001111011000001
29298,61167,31869.00,101110111011101101000001
61167,62195,1028.00,101111001011110010000001
62195,62194,-1.00,101111001011110010000001
62194,62193,-1.00,101111001011110000000001
62193,64249,2056.00,101111101011111011000001
64249,106398,42149.00,111010011110100111000001
106398,116677,10279.00,111100011111000101000001
116677,116676,-1.00,111100011111000100000001
116676,116676,0.00,111100011111000100000001
116676,116677,1.00,111100011111000110000001
116677,107427,-9250.00,111010001110100011000001
107427,67335,-40092.00,110000001100000010000001
67335,39577,-27758.00,101001011010010110000001
39577,30326,-9251.00,100111011001110110000001
30326,30325,-1.00,100111011001110101000001
30325,28268,-2057.00,100110111001101100000001
28268,27243,-1025.00,100110101001101011000001
27243,115649,42665.00,111011111110111100000001
115649,83781,-31868.00,110100011101000111000001
83781,83783,2.00,110100011101000111000001
83783,83780,-3.00,110100011101000110000001
83780,66307,-17473.00,101111111011111110000001
66307,26214,-40093.00,100110011001100101000001
26214,17988,-8226.00,100100011001000111000001
17988,17991,3.00,100100011001000111000001
17991,16963,-1028.00,100100001001000011000001
16963,119760,28274.00,111100111111001110000001
119760,78640,-41120.00,110011001100110011000001
78640,73503,-5137.00,110001111100011111000001
73503,73500,-3.00,110001111100011100000001
73500,69388,-4112.00,110000101100001011000001
69388,13879,-55509.00,100011001000110001000001
13879,115648,29302.00,111100001111000011000001
115648,117707,2059.00,111100101111001011000001
117707,117705,-2.00,111100101111001000000001
117705,78640,-39065.00,110010111100101110000001
78640,30326,-48314.00,100111011001110110000001
30326,32382,2056.00,100111111001111110000001
32382,32382,0.00,100111111001111110000001
32382,30324,-2058.00,100111011001110101000001
30324,14907,-15417.00,100011101000111000000001
14907,101258,44720.00,111000011110000110000001
101258,89951,-11307.00,110101111101011100000001
89951,89951,0.00,110101111101011111000001
89951,89951,0.00,110101111101011111000001
89951,89950,-1.00,110101111101011110000001
89950,89950,0.00,110101111101011110000001
89950,92006,2056.00,110110101101101011000001
92006,101259,9253.00,111000101110001001000001
101259,121817,20558.00,111101101111011000000001
121817,19017,28271.00,100100111001001110000001
19017,48829,29812.00,101011111010111111000001
48829,50887,2058.00,101100011011000111000001
50887,50885,-2.00,101100011011000110000001
50885,66307,15422.00,110000001100000011000001
66307,97144,30837.00,110111111101111101000001
97144,109480,12336.00,111010101110101000000001
109480,108452,-1028.00,111010011110100100000001
108452,108455,3.00,111010011110100100000001
108455,110508,2053.00,111010111110101110000001
110508,12849,33412.00,100011011000110110000001
12849,47803,34954.00,101011101010111000000001
47803,47801,-2.00,101011101010111001000001
47801,47802,1.00,101011101010111010000001
47802,48830,1028.00,101011111010111111000001
48830,72474,23644.00,110001111100011111000001
72474,126958,54484.00,111110111111101110000001
126958,127987,1029.00,111111001111110011000001
127987,127987,0.00,111111001111110011000001
127987,127986,-1.00,111111001111110010000001
127986,127984,-2.00,111111001111110000000001
127984,1543,4630.00,100000011000000101000001
1543,31354,29811.00,100111111001111110000001
31354,60136,28782.00,101110101011101011000001
60136,69389,9253.00,110000111100001101000001
69389,69388,-1.00,110000111100001110000001
69388,69390,2.00,110000111100001110000001
69390,69390,0.00,110000111100001110000001
69390,69390,0.00,110000111100001110000001
69390,69390,0.00,110000111100001110000001
69390,69390,0.00,110000111100001110000001
69390,69390,0.00,110000111100001110000001
69390,69390,0.00,110000111100001110000001
69390,69390,0.00,110000111100001110000001
69390,69390,0.00,110000111100001110000001
69390,66305,-3085.00,101111111011111100000001
66305,26215,-40090.00,100110001001100001000001
26215,1542,-24673.00,100000011000000111000001
1542,99200,33413.00,111000001110000001000001
99200,98173,-1027.00,110111111101111101000001
98173,98172,-1.00,110111111101111111000001
98172,97144,-1028.00,110111101101111011000001
97144,97144,0.00,110111101101111011000001
97144,79670,-17474.00,110011001100110001000001
79670,45747,-33923.00,101011001010110011000001
45747,32382,-13365.00,100111111001111110000001
32382,32383,1.00,100111111001111111000001
32383,32381,-2.00,100111111001111110000001
32381,15932,-16449.00,100011101000111000000001
15932,114620,32383.00,111011111110111100000001
114620,99203,-15417.00,111000001110000000000001
99203,98175,-1028.00,110111111101111111000001
98175,98175,0.00,110111111101111111000001
98175,98175,0.00,110111111101111111000001
98175,98175,0.00,110111111101111111000001
98175,98175,0.00,110111111101111111000001
98175,98175,0.00,110111111101111111000001
98175,98175,0.00,110111111101111111000001
98175,98175,0.00,110111111101111111000001
98175,98175,0.00,110111111101111111000001
98175,98175,0.00,110111111101111111000001
