starting
Enc:FUEL
0,17989,17989.00,100100011001000101000001
17989,17989,0.00,100100011001000101000001
17989,17989,0.00,100100011001000101000001
17989,17989,0.00,100100011001000101000001
17989,17989,0.00,100100011001000101000001
17989,17989,0.00,100100011001000101000001
17989,17989,0.00,100100011001000101000001
17989,17989,0.00,100100011001000101000001
17989,17989,0.00,100100011001000101000001
17989,17989,0.00,100100011001000101000001
17989,17989,0.00,100100011001000101000001
17989,17989,0.00,100100011001000101000001
17989,17989,0.00,100100011001000101000001
17989,17989,0.00,100100011001000101000001
17989,17989,0.00,100100011001000101000001
17989,17989,0.00,100100011001000101000001
17989,17989,0.00,100100011001000101000001
17989,17989,0.00,100100011001000101000001
17989,17989,0.00,100100011001000101000001
17989,17989,0.00,100100011001000101000001
17989,17989,0.00,100100011001000101000001
17989,17989,0.00,100100011001000101000001
17989,17989,0.00,100100011001000101000001
17989,17989,0.00,100100011001000101000001
17989,17989,0.00,100100011001000101000001
17989,17989,0.00,100100011001000101000001
17989,17989,0.00,100100011001000101000001
17989,17989,0.00,100100011001000101000001
17989,17989,0.00,100100011001000101000001
17989,17989,0.00,100100011001000101000001
17989,17989,0.00,100100011001000101000001
17989,17989,0.00,100100011001000101000001
17989,17989,0.00,100100011001000101000001
17989,17991,2.00,100100011001000111000001
17991,20047,2056.00,100100111001001111000001
20047,38549,18502.00,101001011010010100000001
38549,45744,7195.00,101011011010110100000001
45744,63223,17479.00,101111011011110111000001
63223,68362,5139.00,110000111100001110000001
68362,85837,17475.00,110100111101001110000001
85837,85837,0.00,110100111101001111000001
85837,84810,-1027.00,110100101101001010000001
84810,86865,2055.00,110101011101010111000001
86865,5653,212283.00,100001011000010100000001
5653,13876,8223.00,100011011000110101000001
13876,19018,5142.00,100100101001001011000001
19018,19017,-1.00,100100101001001001000001
19017,19018,1.00,100100101001001001000001
19018,34439,15421.00,101000101010001011000001
34439,76586,42147.00,110010101100101001000001
76586,85837,9251.00,110100111101001111000001
85837,84809,-1028.00,110100101101001001000001
84809,84808,-1.00,110100101101001000000001
84808,84810,2.00,110100101101001001000001
84810,107427,22617.00,111010011110100100000001
107427,14907,223591.00,100011111000111100000001
14907,32380,17473.00,100111111001111100000001
32380,32381,1.00,100111111001111101000001
32381,32382,1.00,100111111001111110000001
32382,39576,7194.00,101001111010011101000001
39576,68361,28785.00,110000111100001110000001
68361,109483,41122.00,111010101110101010000001
109483,108454,-1029.00,111010011110100110000001
108454,108454,0.00,111010011110100110000001
108454,109482,1028.00,111010101110101010000001
109482,1543,239010.00,100000101000001010000001
1543,40605,39062.00,101001111010011101000001
40605,43688,3083.00,101010101010101000000001
43688,43688,0.00,101010101010101000000001
43688,44718,1030.00,101010111010101101000001
44718,74530,29812.00,110010001100100001000001
74530,111538,37008.00,111011001110110001000001
111538,119760,8222.00,111101001111010000000001
119760,119762,2.00,111101001111010010000001
119762,119763,1.00,111101001111010011000001
119763,16963,233871.00,100100101001001001000001
16963,34436,17473.00,101000011010000100000001
34436,33411,-1025.00,101000001010000011000001
33411,33409,-2.00,101000001010000001000001
33409,33410,1.00,101000001010000011000001
33410,42661,9251.00,101010101010101010000001
42661,65279,22618.00,110000001100000001000001
65279,102284,37005.00,111000111110001100000001
102284,105368,3084.00,111001101110011000000001
105368,105370,2.00,111001101110011010000001
105370,107425,2055.00,111010001110100011000001
107425,8737,229759.00,100010001000100011000001
8737,41632,32895.00,101010011010100100000001
41632,40606,-1026.00,101001111010011110000001
40606,40606,0.00,101001111010011101000001
40606,44718,4112.00,101011001010110011000001
44718,65278,20560.00,101111111011111111000001
65278,96117,30839.00,110111011101110101000001
96117,96117,0.00,110111011101110101000001
96117,96116,-1.00,110111011101110100000001
96116,101256,5140.00,111000101110001000000001
101256,127986,26730.00,111111001111110010000001
127986,31355,227702.00,100111101001111011000001
31355,32382,1027.00,100111111001111110000001
32382,32382,0.00,100111111001111110000001
32382,26215,-6167.00,100110011001100110000001
26215,7710,-18505.00,100001101000011000000001
7710,93034,216395.00,110110101101101001000001
93034,89950,-3084.00,110101111101011111000001
89950,90976,1026.00,110110001101100000000001
90976,90978,2.00,110110001101100010000001
90978,68361,-22617.00,110000011100000111000001
68361,28268,-40093.00,100110111001101101000001
28268,28271,3.00,100110111001101111000001
28271,28268,-3.00,100110111001101100000001
28268,26214,-2054.00,100110001001100011000001
26214,9766,-16448.00,100010001000100010000001
9766,112565,233870.00,111011011110110101000001
112565,113592,1027.00,111011101110111000000001
113592,113592,0.00,111011101110111000000001
113592,113592,0.00,111011101110111000000001
113592,113592,0.00,111011101110111000000001
113592,113592,0.00,111011101110111000000001
113592,113592,0.00,111011101110111000000001
113592,113592,0.00,111011101110111000000001
113592,113592,0.00,111011101110111000000001
113592,113592,0.00,111011101110111000000001
113592,113592,0.00,111011101110111000000001
113592,113592,0.00,111011101110111000000001
113592,113592,0.00,111011101110111000000001
113592,113592,0.00,111011101110111000000001
113592,113592,0.00,111011101110111000000001
113592,113592,0.00,111011101110111000000001
113592,113592,0.00,111011101110111000000001
113592,113592,0.00,111011101110111000000001
113592,113592,0.00,111011101110111000000001
113592,113592,0.00,111011101110111000000001
113592,113592,0.00,111011101110111000000001
113592,113592,0.00,111011101110111000000001
113592,113592,0.00,111011101110111000000001
113592,113592,0.00,111011101110111000000001
113592,113592,0.00,111011101110111000000001
113592,113592,0.00,111011101110111000000001
113592,113592,0.00,111011101110111000000001
113592,113592,0.00,111011101110111000000001
113592,113592,0.00,111011101110111000000001
113592,113592,0.00,111011101110111000000001
113592,113593,1.00,111011101110111001000001
113593,113595,2.00,111011101110111011000001
113595,112565,-1030.00,111011011110110100000001
112565,90977,-21588.00,110110001101100000000001
90977,49857,-41120.00,101011111010111110000001
49857,39579,-10278.00,101001101010011000000001
39579,39577,-2.00,101001101010011001000001
39577,39576,-1.00,101001101010011000000001
39576,21072,-18504.00,100100111001001100000001
21072,114623,224622.00,111011101110111001000001
114623,94061,-20562.00,110110111101101100000001
94061,94061,0.00,110110111101101101000001
94061,94062,1.00,110110111101101110000001
94062,64249,-29813.00,101111011011110111000001
64249,42661,-21588.00,101010011010100110000001
42661,41632,-1029.00,101010001010100000000001
41632,41632,0.00,101010001010100000000001
41632,36494,-5138.00,101000101010001011000001
36494,129014,223591.00,111111001111110001000001
129014,99201,-29813.00,111000001110000001000001
